3309.37956735
2376.88258148
2330.18615359
2306.42397206
2290.27687569
2278.74716407
2269.35246647
2261.96931017
2255.83585038
2250.26429633
2244.90809426
2239.68101162
2234.96287804
2231.00776386
2227.13276563
2223.15796458
2219.67329605
2216.79805902
2213.80185974
2210.60677414
2207.82339608
2205.17189512
2202.77145609
2200.34954767
2198.00401925
2195.81336938
2194.05935331
2192.52708675
2191.29988826
2190.25762393
2189.19223742
2188.28608923
2187.32614238
2186.32499473
2185.59631391
2184.95836067
2184.46181396
2184.08197456
2183.66357965
2183.18751717
2182.84002255
2182.64132875
2182.48377256
2182.13455009
2181.65081998
2181.0319627
2180.32669777
2179.59953873
2178.77060369
2177.87892228
2177.09616751
2176.41652296
2175.81608283
2175.12656569
2174.422282
2173.6400996
2172.85885145
2172.32020483
2171.97743033
2171.73455417
2171.46766937
2171.22274584
2170.97210946
2170.71532432
2170.44736198
2170.09741711
2169.63555455
2169.28536333
2168.98661461
2168.77665915
2168.53861862
2168.21873451
2167.86882517
2167.5417116
2167.24417518
2166.91250451
2166.60821545
2166.2909035
2165.91515247
2165.50326925
2165.07989425
2164.64001104
2164.26018356
2163.85654909
2163.4157438
2162.9784073
2162.54550594
2162.14328991
2161.71929958
2161.30257053
2160.88733033
2160.47225352
2160.05607592
2159.6599229
2159.24609704
2158.82573776
2158.4561948
2158.07613823
2157.65916879
2157.24800377
2156.77089752
2156.28580403
2155.84877008
2155.51468704
2155.21070991
2154.94995389
2154.75358404
2154.54295243
2154.36187904
2154.21079639
2154.05595
2153.8963002
2153.73091262
2153.62837311
2153.50087525
2153.35967067
2153.2162545
2153.07245786
2152.91680826
2152.74299821
2152.54876213
2152.37210889
2152.20739326
2152.04128167
2151.86361658
2151.72166444
2151.65188099
2151.63338277
2151.59564453
2151.52511906
2151.44464327
2151.38786147
2151.34580962
2151.2953924
2151.22565433
2151.14660441
2151.06635929
2150.98847088
2150.92125357
2150.84317601
2150.74604843
2150.65852886
2150.56996887
2150.48806821
2150.43613767
2150.38183078
2150.31616025
2150.25592447
2150.18613248
2150.12127277
2150.08193725
2150.04233091
2150.00393201
2149.98335662
2149.94735232
2149.89616674
2149.83982874
2149.79381834
2149.73795567
2149.67755195
2149.64928918
2149.62957403
2149.62025061
2149.6158298
2149.60638253
2149.59349957
2149.57909473
2149.5663165
2149.5545271
2149.54288767
2149.55152449
